{
  "height": 54,
  "width": 300,
  "x": -44.18566131591797,
  "y": 64.80000305175781
}