{
  "height": 54,
  "width": 300,
  "x": -107.8057632446289,
  "y": 64.80000305175781
}