{
  "height": 54,
  "width": 300,
  "x": -81.9925765991211,
  "y": 64.80000305175781
}