{
  "height": 54,
  "width": 300,
  "x": -107.57904052734375,
  "y": 64.80000305175781
}