{
  "height": 54,
  "width": 300,
  "x": -107.5536880493164,
  "y": 64.80000305175781
}