{
  "height": 54,
  "width": 300,
  "x": -19.73040771484375,
  "y": 64.80000305175781
}