{
  "height": 54,
  "width": 300,
  "x": -43.984107971191406,
  "y": 64.80000305175781
}