{
  "height": 54,
  "width": 300,
  "x": -81.77827453613281,
  "y": 64.80000305175781
}