{
  "height": 54,
  "width": 300,
  "x": -107.7109603881836,
  "y": 64.80000305175781
}