{
  "height": 54,
  "width": 300,
  "x": -82.02025604248047,
  "y": 64.80000305175781
}