{
  "height": 54,
  "width": 300,
  "x": -82.31684875488281,
  "y": 64.80000305175781
}