{
  "height": 54,
  "width": 300,
  "x": -107.54692840576172,
  "y": 64.80000305175781
}