{
  "height": 54,
  "width": 300,
  "x": -61.17594528198242,
  "y": 64.80000305175781
}