{
  "height": 54,
  "width": 300,
  "x": -44.15080642700195,
  "y": 76.80000305175781
}