{
  "height": 54,
  "width": 300,
  "x": -82.15043640136719,
  "y": 64.80000305175781
}