{
  "height": 54,
  "width": 300,
  "x": -82.09917449951172,
  "y": 64.80000305175781
}