{
  "height": 54,
  "width": 300,
  "x": -107.93959045410156,
  "y": 64.80000305175781
}