{
  "height": 54,
  "width": 300,
  "x": -138.94566345214844,
  "y": 64.80000305175781
}