{
  "height": 54,
  "width": 300,
  "x": -82.22667694091797,
  "y": 64.80000305175781
}