{
  "height": 54,
  "width": 300,
  "x": -82.1061019897461,
  "y": 64.80000305175781
}