{
  "height": 54,
  "width": 300,
  "x": -81.82939910888672,
  "y": 64.80000305175781
}