{
  "height": 54,
  "width": 300,
  "x": -44.2967643737793,
  "y": 64.80000305175781
}